14,351
14,340
14,424
14,423
14,409
14,408
14,422
14,407
14,421
14,420
14,406
14,419
14,405
14,253
14,252
14,350
14,339
14,418
14,417
14,349
14,348
14,338
14,416
14,415
14,410
14,347
14,346
14,335
14,345
14,414
14,404
14,333
14,331
14,344
14,337
14,413
14,343
14,251
14,412
14,342
63,11
14,157
14,240
14,508
14,500
14,383
14,156
63,76
14,155
14,154
63,14
63,75
63,13
14,250
14,152
63,9
63,60
63,74
14,138
63,62
63,73
14,137
14,454
63,7
14,506
63,5
14,136
63,72
14,135
63,71
14,134
14,411
14,402
14,249
63,70
14,453
14,505
14,133
63,58
14,132
63,69
14,401
14,131
63,68
14,341
14,329
14,130
14,452
14,504
63,67
14,129
14,451
14,503
14,449
14,502
63,66
14,128
14,327
14,248
14,191
63,65
14,399
14,398
14,395
14,510
14,501
14,472
14,470
14,190
14,326
63,64
14,393
14,388
14,189
57,6
57,5
63,127
14,188
14,324
14,187
63,126
14,186
14,336
14,323
14,334
14,322
63,125
14,332
14,321
14,320
14,185
14,247
14,391
63,124
14,184
14,183
63,123
14,182
63,122
14,181
63,121
14,180
14,179
63,120
14,246
14,178
63,119
14,177
63,10
63,118
14,176
14,175
63,117
14,174
63,116
63,12
14,173
63,115
63,8
63,59
14,245
14,172
14,171
63,61
63,6
63,63
14,244
14,91
62,12
0,236
0,235
14,3
14,8
14,7
14,6
14,5
14,432
62,17
62,11
62,16
14,149
14,148
14,147
14,146
14,145
14,144
14,143
14,142
14,141
14,140
63,87
14,139
63,86
63,85
62,15
62,10
62,14
62,9
62,13
14,170
14,169
14,168
60,4
63,81
63,80
63,79
63,78
63,77
61,4
63,84
63,83
63,82
63,4
63,3
62,8
62,7
62,6
62,4
62,3
2,5
61,3
57,12
57,11
57,8
57,7
57,3
41,3
41,4
14,32
5,3
62,5
57,4
60,3
29,7
0,300
0,299
0,298
0,297
0,296
0,295
0,294
0,293
0,292
0,291
0,290
0,289
0,288
0,287
0,286
0,285
0,284
0,283
0,282
0,281
0,280
0,279
0,278
0,277
0,276
0,275
0,274
0,273
0,272
0,271
0,270
0,269
0,268
0,267
0,266
0,265
0,264
0,263
0,262
0,261
0,260
0,259
0,258
0,257
0,256
0,255
0,254
0,253
0,252
0,251
0,250
0,249
0,248
0,247
0,246
0,245
0,244
0,242
0,241
0,240
0,239
0,238
0,237
0,234
0,233
0,232
0,231
0,230
0,229
0,228
0,227
0,226
0,225
0,224
0,223
0,222
0,221
0,220
0,219
0,218
0,217
0,216
0,215
0,214
0,213
0,212
0,211
0,210
0,209
0,208
0,207
0,206
0,205
0,204
0,203
0,202
0,201
0,200
0,199
0,198
0,197
0,196
0,195
0,194
0,193
0,192
0,63
0,62
0,61
0,60
0,59
0,58
0,57
0,56
0,55
0,54
0,53
0,52
0,51
0,50
0,49
0,48
0,47
0,46
0,45
0,6
2,4
2,3
1,3
14,167
14,166
14,165
14,164
14,163
14,162
14,161
14,160
14,159
14,158
63,2
63,1
63,0
62,2
62,1
62,0
57,2
57,0
15,2
17,0
17,1
17,3
17,5
17,7
18,1
18,2
18,4
21,0
21,2
21,3
21,5
26,1
26,2
26,5
26,6
29,1
29,3
29,6
30,0
30,1
30,3
33,1
33,2
33,5
33,6
34,1
34,2
37,0
37,2
37,3
37,5
40,0
40,2
40,4
40,5
41,1
41,2
43,1
43,2
43,4
45,0
45,1
45,3
45,4
47,1
47,3
48,0
48,2
48,3
53,1
53,2
58,1
58,2
58,4
60,0
60,2
60,5
60,7
60,8
61,1
61,2
61,0
60,6
60,1
58,3
58,0
53,3
53,0
48,1
47,2
47,0
45,2
43,5
43,3
43,0
41,0
40,3
40,1
37,4
37,1
34,3
34,0
33,3
33,0
30,2
29,2
29,0
26,3
26,0
21,4
21,1
18,3
18,0
17,6
17,2
15,3
15,1
15,0
8,4
8,3
8,2
8,1
8,0
6,3
6,2
6,1
6,0
5,2
5,1
5,0
4,3
4,2
4,1
4,0
3,6
3,5
3,4
3,3
3,2
3,1
3,0
2,2
2,1
2,0
1,2
1,1
1,0
0,504
0,9
57,1
14,2
14,1
14,0
0,243
0,1
0,0
0,5
0,304
0,303
0,306
0,305
0,302
0,12
0,502
0,10
0,8
0,11
0,4
0,2
0,3
0,7
